72 -244 113 339 18 -118 -10 276 405 -85 544 327 -6 87 -11 379 255 1 495 -163 -98 276 65 -72 -197 251 -153 -209 -44 -148 173 163 -90 241 30 -48 -203 -151 187 -54 -50 -160 -57 -7 -24 43 -70 182 184 3
-100 -49 -12 -86 -10 -222 -16 -205 -108 -149 -136 121 -28 108 -61 28 45 100 130 143 -13 36 -52 197 -144 85 63 44 89 -20 -55 105 -12 51 0 13 -56 78 34 -4 22 -72 30 -20 0 -83 -15 104 -5 -21
90 -11 -73 -33 34 21 -66 -56 35 -22 257 -8 -251 104 162 -30 78 -65 55 87 32 -139 90 -41 -42 -59 -65 91 -42 -146 -36 -6 114 -116 0 -53 -20 -64 11 35 -41 0 -69 9 -66 52 -39 -85 -58 -115
23 16 -6 33 91 170 -25 -121 -98 -73 50 35 36 -106 -15 -38 -13 -109 7 48 -23 -13 59 -64 26 -10 -191 63 -138 104 -50 131 16 93 81 -39 -48 84 90 1 57 100 -83 96 -101 -33 10 -26 16 -116
-54 -10 -111 96 -162 -53 -49 65 -127 -84 41 -24 99 -163 1 -44 -31 -50 20 53 100 64 96 -35 9 91 -18 36 -55 110 -8 95 85 57 31 -99 -63 57 9 -20 50 -32 -169 -14 -210 13 -2 -2 1 -42
-147 183 -186 -11 -165 82 -22 -63 142 99 205 -56 39 85 -164 96 -295 26 140 -457 52 186 34 -147 246 -331 -37 -13 -93 -89 -16 21 -104 31 169 169 -29 79 -59 33 -61 16 11 -36 117 -60 -94 -19 -60 179
149 118 23 -188 17 0 2 38 -21 65 6 -60 -36 -117 -54 -11 61 -28 0 -91 56 44 -71 25 93 12 -104 98 -28 51 -94 100 -84 124 -85 29 -46 126 -48 6 -36 8 40 -35 107 -164 130 7 0 -2
7 -151 -21 3 -14 -84 61 21 38 -76 -87 -76 -88 -146 -79 -88 8 -38 76 -34 167 46 72 16 -56 -13 -111 -21 -34 47 60 58 -127 -74 -31 64 91 158 -103 -44 84 24 -40 49 10 -67 -10 -36 -101 131
-33 32 140 53 114 34 -43 44 -146 -35 18 149 30 292 91 103 80 -172 -12 -2 75 -46 -41 80 29 -176 -184 -96 -87 120 -33 -71 -51 52 42 80 -22 -21 11 78 -136 38 86 87 128 -90 -4 -14 -43 -134
-33 43 42 -66 -21 -34 56 -40 -65 -100 -100 -97 130 -41 -179 42 -73 -47 61 97 -27 -99 71 23 -20 60 111 -50 14 102 -55 -15 -3 11 -61 -17 -65 87 -24 -65 -194 -119 47 0 95 -104 181 41 -71 -80
66 -122 -67 139 83 282 39 -46 22 154 -112 -13 26 -62 23 -25 -54 -63 6 -60 -39 44 68 205 -128 123 109 -71 -44 4 42 13 25 -183 59 -143 -21 37 25 43 38 -206 -18 45 -68 -163 -110 66 -50 -217
29 -33 158 -99 212 75 65 -184 -87 -13 -84 -111 -107 1 107 -24 -16 5 121 46 -123 104 -165 169 -6 124 -37 79 26 -33 63 28 18 8 85 -105 -37 -61 -131 44 -40 -63 37 -124 29 -57 -93 13 111 -3
203 -145 -45 161 -176 197 273 66 329 10 0 90 -125 -180 55 67 -203 63 -43 -238 26 156 -92 40 22 -66 114 115 -22 -3 -140 -45 -61 5 -177 16 77 -26 -111 -25 -73 -81 126 16 50 13 76 6 24 54
36 -30 104 5 80 -48 -38 -77 -157 -17 7 23 -9 -37 64 -6 -131 -34 -49 -16 66 -113 -69 56 -48 -218 -72 53 -43 13 19 27 0 61 20 -24 -79 132 22 13 -27 -30 30 79 -81 -142 18 -80 -53 -214
-68 86 35 -61 -54 135 89 -21 -84 65 -72 70 -84 104 106 0 -69 114 40 -153 104 20 -145 21 -75 -96 -33 -8 9 -85 -5 -18 47 74 -50 92 -26 -64 37 158 76 -23 -65 -87 -70 -22 -40 -28 -4 179
-48 26 22 46 -8 81 23 -21 -85 -66 18 52 -6 55 3 27 68 -154 -20 9 22 -5 17 -20 30 -35 -65 -16 -52 131 -39 47 11 51 22 37 -9 -30 35 23 -12 52 -8 46 -36 -4 -9 -31 23 -40
-11 72 -17 -30 21 185 -78 9 72 15 55 127 95 64 -88 -156 -52 96 -85 49 62 86 -26 66 -121 -42 149 -124 -165 -162 -37 -89 24 -42 27 -6 -10 25 2 76 55 26 -19 78 -47 114 -43 -27 -22 21
-49 269 107 95 -24 -315 33 -59 177 93 -54 94 -143 18 204 9 49 -4 33 175 -44 -215 131 92 86 164 358 -69 -66 147 -42 -20 -96 -127 -60 18 -11 75 -86 -18 -9 -80 -32 71 -110 -67 157 -99 -36 -95
-53 -81 38 122 -98 -98 102 -66 41 134 -237 -164 125 67 104 -57 55 -61 81 197 -38 -47 28 194 -112 20 214 13 -110 18 53 23 55 -10 63 -38 -69 134 -12 -29 30 23 -53 -29 -167 -81 68 -65 -38 -122
-2 -190 35 26 -43 26 42 79 216 -19 -134 -127 135 26 206 -69 0 -27 0 70 -5 9 29 41 53 -187 103 16 -92 120 79 43 -56 -72 48 -52 102 205 -87 -29 7 -47 15 118 -95 -95 117 -61 -20 -19
147 -72 -96 91 -4 -4 -28 36 56 56 -31 33 108 177 106 74 91 69 55 133 86 -22 48 0 -41 60 -100 -63 74 194 -7 16 49 17 19 36 -51 -80 105 49 39 -53 2 -122 -50 14 25 50 90 44
36 -8 11 -67 -78 70 -25 -227 131 7 39 -10 -115 -58 -79 0 -31 -42 19 -152 -150 41 -25 137 23 -78 243 77 -9 -41 -73 114 66 46 34 61 74 -59 -159 102 102 -14 37 -21 -18 -92 -44 10 -6 121
-10 -54 -31 -98 -37 33 -120 -235 -64 91 -8 22 -27 -8 36 -46 -39 -1 -74 5 2 -14 -13 191 -102 -126 100 28 102 54 55 72 107 1 140 -14 9 -8 -96 72 76 11 -70 -43 -15 -42 -43 35 -104 22
-118 -97 69 -164 113 171 -87 -210 -215 -98 -74 -184 56 -169 -157 -175 -21 65 50 7 66 -38 -4 -211 -87 107 242 96 114 -140 -148 30 -89 2 -108 80 17 45 69 35 -1 -82 7 81 139 -38 -26 19 -54 71
-52 35 53 45 0 45 31 -55 -74 -64 -7 28 -32 9 -5 10 32 -118 -37 10 -2 -4 0 -12 54 -14 -39 -1 -20 114 -37 47 23 50 16 14 -21 -21 53 21 -16 45 -16 35 -54 0 14 -26 27 -38
-96 43 1 -3 -83 25 55 4 -28 -42 26 17 1 96 23 23 79 -125 -69 42 41 -3 -39 20 29 -45 163 -48 1 127 -28 -10 -20 23 -51 70 28 -141 19 29 -17 -17 16 -8 -34 58 -34 -20 49 31
156 33 -3 130 -40 -29 -5 -77 -65 224 27 -14 -67 -87 -16 24 80 87 196 70 5 -47 49 -2 -104 130 88 10 45 -42 61 -100 -135 24 121 54 -46 -14 68 4 21 91 47 49 -136 27 71 -81 -2 -132
-31 108 29 -105 33 33 -235 -107 -55 56 99 74 17 -120 -20 -113 50 162 -71 82 150 -35 167 106 -116 -209 56 19 360 17 47 44 62 -39 11 99 32 -75 -51 -36 139 29 -4 -35 -110 118 13 -87 34 65
-8 152 46 -32 -5 -40 -93 138 -25 158 40 37 -43 159 127 -56 85 118 133 8 11 84 10 16 18 21 -29 -46 35 -63 53 -19 57 -38 59 -9 45 -35 -66 35 54 -65 -9 -66 -9 107 65 18 56 90
110 -171 80 22 9 -11 8 -139 73 -160 -42 109 80 -68 -192 143 0 79 35 -53 104 -86 54 -12 -127 23 34 -95 -63 33 -17 180 -43 24 -13 23 -84 63 -88 -12 172 87 -2 -103 -174 -96 -166 -44 67 113
-8 138 -139 -13 -100 49 -76 -26 -67 111 218 3 34 106 112 71 28 93 97 135 68 178 -7 -64 18 133 63 45 -62 -160 -51 -21 0 -3 21 -21 9 0 -55 63 -3 37 7 6 -87 27 119 -40 -6 -106
-51 -22 -68 51 -90 95 28 0 -117 -107 45 0 -1 -70 -13 -17 53 -160 11 58 0 24 66 -91 -1 -5 -64 31 -63 128 -24 122 40 55 33 -6 -11 31 27 -16 38 72 -78 28 -136 7 20 -65 40 -49
57 22 66 -30 -92 -84 -30 22 -28 -5 90 26 18 -106 -123 -6 33 23 94 62 -84 88 32 -30 16 -140 -10 53 74 66 59 -11 -47 -10 3 57 71 -36 -45 -76 -57 13 -5 -71 -14 60 78 -72 -35 -201
3 -96 68 -50 -55 188 35 109 -26 -123 -111 169 231 123 -36 75 -148 25 -65 -54 171 40 66 75 186 88 180 -50 14 181 -52 14 91 -35 79 -8 -33 206 -31 0 148 75 -64 -143 -72 14 -78 84 105 276
-83 -278 11 -99 23 234 159 -33 -180 104 40 -5 -65 -113 -7 -180 -49 -68 -24 52 63 37 -5 35 -118 -267 101 -144 -154 -15 -19 5 -52 7 -117 166 117 -180 -52 56 92 23 -23 24 -39 -7 101 -64 101 69
-51 -34 -174 19 21 150 -56 -254 71 -40 131 58 -76 -28 -101 77 57 72 147 47 106 40 206 -110 -133 101 175 -36 45 -190 -7 43 89 -97 -5 -24 -36 12 -16 9 -23 21 11 -57 44 -110 112 20 -35 -15
184 -25 -400 -370 201 90 104 95 13 189 -282 -6 -84 -82 31 -210 -65 -160 -6 59 -110 93 -123 0 133 -134 102 125 -141 327 12 -92 41 -18 -67 -97 19 -58 100 -37 -52 -114 36 -16 -40 16 18 101 23 33
-14 8 203 37 122 18 8 -87 -125 -42 -16 123 -62 100 14 29 2 -108 -48 -34 3 -61 -74 30 51 -129 -112 -7 -51 78 -56 -11 19 74 18 27 -60 0 75 64 -118 28 37 63 28 -54 49 -35 -11 -101
172 38 119 102 -60 -70 -16 -60 45 -71 -152 -202 67 35 -31 -22 203 -81 77 25 107 39 -44 -55 52 144 -174 174 -79 122 28 -74 -53 43 -48 -9 37 170 91 -37 7 -16 78 68 -69 1 168 117 -29 -41
3 -38 234 -5 48 76 74 -147 -108 20 8 64 -71 -27 -149 -85 12 -43 -80 4 26 27 -147 -42 21 -133 122 85 74 53 -49 -8 65 134 -77 31 -55 -43 47 49 -168 10 84 -25 24 41 178 -71 96 15
-153 -17 -40 83 64 -66 37 21 17 -59 -176 85 61 179 -1 175 -108 -77 3 -99 -68 106 -66 250 -68 117 -170 0 -63 -150 -42 -72 7 22 -89 -116 -52 24 52 -69 16 23 52 -33 -32 -62 -227 122 -73 51
-70 70 -10 78 10 -136 25 -46 44 -48 125 56 35 -106 -97 -1 -48 -22 -9 13 65 -74 -19 -75 5 102 94 91 -13 28 7 -65 -93 -65 -74 0 23 37 20 -51 -52 -50 40 27 47 24 37 -45 -1 -25
-26 -111 -107 142 -6 -30 96 5 141 -10 132 84 68 -249 -197 -26 -95 22 -13 -77 81 65 26 -2 78 203 146 86 -1 -18 2 -124 -157 -43 -121 61 8 -41 -16 -72 -47 -46 70 9 255 -140 -111 92 -55 24
14 0 -30 -124 -33 3 43 20 8 20 -46 92 10 -91 -87 -16 -17 33 -28 6 -93 -51 17 -81 -8 8 120 46 -4 3 -34 -38 -39 19 -59 101 61 -42 75 -38 93 59 0 -38 -22 -11 53 30 -42 69
-80 55 120 -50 26 128 36 -91 70 -138 15 68 19 -42 177 37 -200 91 -79 -127 -56 -54 -44 31 5 -108 34 246 128 -113 20 -59 -79 -64 -19 61 75 86 87 -66 42 -119 -5 -40 130 -63 22 107 -120 77
138 -270 -95 123 -199 -176 -56 99 166 53 403 289 18 21 -120 329 91 92 178 -62 -62 112 247 31 -133 -100 -294 -175 17 -52 -3 71 52 102 -40 70 17 -169 60 80 139 -56 98 -41 -42 -18 -87 110 101 0
-60 29 116 46 34 1 56 -86 -54 -53 -7 28 -54 -9 -26 -10 0 -81 -65 3 -24 -5 -57 -9 71 -11 -7 14 3 85 -52 8 34 45 -13 15 -18 -15 80 33 -37 45 8 30 -42 13 49 -40 17 -34
-5 -233 15 -108 -20 9 -7 -30 0 58 -26 106 61 -82 -45 48 57 41 46 22 11 -50 -77 -111 -24 12 -45 246 -41 -127 -89 9 -58 42 -40 34 -54 0 74 24 -55 31 -65 -41 19 -14 -173 -72 1 94
-23 4 56 46 41 46 23 -39 -88 -70 23 62 -28 17 2 19 11 -128 -22 -8 -2 -39 -1 -29 25 -44 -107 11 -69 89 -39 38 19 47 33 7 -20 33 54 17 -22 56 -8 65 -36 -21 27 -42 -1 -73
25 17 46 31 15 -40 -57 -8 1 141 158 73 93 84 40 63 -45 3 0 28 149 3 8 44 -19 -50 79 21 62 75 65 -90 -36 -44 67 -121 -8 81 -18 -38 -99 24 35 -29 49 110 293 -104 137 -100
-109 7 -70 17 -2 -33 -160 52 -49 44 -47 5 282 -189 96 -14 55 101 60 -11 69 76 83 -9 -101 165 33 11 -1 63 98 108 64 8 97 -147 -118 -51 38 -92 -81 -118 -28 2 -149 -137 111 183 65 -75
-102 -132 4 -85 201 71 -147 63 -66 -7 -157 26 140 -41 57 -128 -49 -18 -44 83 134 -35 114 -38 -88 25 136 -7 146 151 55 10 83 -106 124 103 80 189 -35 1 194 49 112 -32 -17 -85 61 -15 -36 183
-43 43 1 21 -4 151 -2 -25 -106 -58 16 46 46 120 8 41 118 -170 -3 33 38 18 23 -15 21 -41 -80 -25 -58 144 -43 51 2 81 42 53 -17 -64 25 32 -26 74 -4 40 -5 -2 -38 -14 29 -33
-46 -18 -36 50 -93 14 37 9 -73 -93 25 -7 -20 -107 5 -29 6 -94 -11 39 8 29 39 -38 29 25 -5 17 -30 119 -14 89 21 30 -3 -24 -2 31 19 -18 47 17 -83 10 -135 23 17 -43 31 -3
-109 82 -48 77 -34 305 155 -181 327 106 -16 27 -101 -6 -8 -35 65 14 -29 -133 65 191 46 30 -1 -39 50 -98 -96 -57 54 39 -132 -121 -73 33 49 -108 123 -9 28 -66 -71 52 136 12 -25 85 26 3
-12 189 56 6 66 38 88 -91 134 174 -33 -207 44 1 68 -102 -50 146 88 160 -129 125 -53 -22 71 -93 -15 4 48 -1 55 18 32 -12 -6 62 63 40 -61 -27 58 11 37 -137 35 -5 155 2 49 48
-27 -13 11 63 10 118 7 27 -148 -78 65 109 -10 119 40 38 96 -215 13 2 24 -34 27 -58 -21 -100 -151 -19 -117 133 -46 48 -5 49 53 44 -3 31 -5 18 -56 84 0 67 15 -48 28 -66 -6 -81
-88 20 -42 -62 166 -66 -161 21 45 22 -111 -285 59 69 288 -227 92 -145 -23 -43 58 42 -76 148 109 47 57 162 -273 -127 15 -33 59 28 -101 -27 55 90 75 35 86 -90 33 98 -39 -87 13 126 -47 107
131 -43 -240 65 -157 -86 11 -2 70 133 147 23 26 10 69 -11 100 24 117 -50 83 65 -75 -4 -219 25 -66 63 -256 -67 -114 -8 71 48 -12 48 -5 -34 56 118 50 -68 2 -84 -11 -103 25 151 -63 39
-49 28 21 43 -20 84 29 -6 -98 -60 19 65 -14 80 2 31 87 -174 -18 6 16 -21 17 -27 23 -43 -50 -21 -54 141 -41 46 9 50 29 49 -4 -39 26 26 -24 54 -3 39 -21 -8 0 -36 24 -36
83 -190 -120 15 28 195 104 -90 141 -54 36 7 41 -313 -267 80 15 -111 94 -311 8 5 12 90 15 -5 261 8 76 175 1 -128 -99 -22 -87 -83 39 -9 -67 -17 6 133 -62 95 32 17 68 47 -8 -20
-117 63 -364 -449 88 46 263 -232 -62 207 337 -322 -314 -141 197 55 -104 -9 180 101 494 -37 26 222 -91 43 63 160 126 -233 -100 -32 33 -107 -51 -26 -43 -70 -200 52 -68 -112 -46 -24 2 21 -95 -70 -72 22
-49 73 42 39 13 106 -7 -67 -89 -39 -25 42 -2 44 -5 31 73 -140 -19 7 14 0 37 -7 62 -9 -64 -9 -20 142 -37 78 19 70 57 26 -41 -55 61 34 -11 54 -23 42 -44 -15 -22 0 41 -49
-134 -13 -14 47 -19 18 -2 -112 -64 -78 33 45 -104 35 -157 81 89 -91 82 -207 124 10 -16 3 -88 141 71 74 -79 -182 -79 25 98 -70 -21 -16 34 43 -23 113 72 132 55 78 98 78 -6 -54 29 35
-129 144 -145 90 45 6 -31 65 -3 130 89 72 -58 177 -25 101 -100 -22 168 -79 33 -40 100 -184 -5 -126 -90 -57 7 -62 27 -11 6 -34 6 -63 22 29 -4 -28 -4 7 0 -58 -48 104 -8 9 55 7
-33 58 56 56 89 119 -50 -178 -111 -40 -64 -21 -12 -234 -22 -66 -50 -58 -26 69 -49 53 99 -40 106 45 -165 69 -22 126 -30 192 82 100 84 -73 -83 44 129 -1 65 81 -101 73 -206 -30 36 -7 73 -102
80 28 -109 24 53 279 -51 -177 -84 -127 137 10 -23 -271 -14 -144 53 -137 93 119 -81 -7 169 -163 -28 6 -174 118 -187 151 -28 284 9 82 165 -21 -30 129 46 -41 197 177 -199 57 -229 -41 8 -81 35 -100
-48 59 -1 47 -114 -202 -92 -54 -33 47 -110 22 43 -104 -26 46 -64 79 -78 -53 58 -46 57 1 32 86 22 85 0 -59 -7 41 6 48 8 -43 -90 -7 18 -17 -43 -116 29 3 -100 -82 -11 21 16 -121
24 -27 114 29 128 20 47 -99 -72 -55 46 53 -51 -83 -12 -42 -88 -71 -68 -8 -41 -69 -62 -2 41 -69 -129 60 -91 44 -31 30 36 63 0 -31 -19 101 93 17 17 38 1 93 -48 -41 83 -37 -7 -102
12 -16 -39 -25 115 178 35 -112 165 205 131 -105 135 62 82 35 -118 70 271 178 85 32 75 31 -149 -46 93 78 -188 -255 89 179 58 -77 96 22 18 -27 -10 -15 115 -6 -105 -88 -53 35 -4 24 79 67
-140 45 58 -7 -102 -106 92 -38 61 45 -16 -81 -7 -263 -126 -54 84 -104 33 57 31 -23 55 -100 49 44 201 162 39 90 20 47 -182 -118 -127 42 64 31 -99 -53 -44 -74 -33 50 86 -78 64 -55 -3 -22
0 146 -214 54 108 218 139 -7 -20 286 -7 7 72 -60 60 -48 -235 8 -26 145 -192 -12 -226 -305 -117 -87 262 81 -169 -45 24 -51 -41 34 -36 84 40 -83 99 56 61 -92 99 -13 43 36 78 90 116 -38
-107 40 67 66 -6 -56 65 -39 -19 -53 33 4 -21 -15 7 -8 -7 -75 -74 30 17 10 -77 -13 54 19 78 15 27 92 -40 -42 3 -1 -62 20 9 -36 68 13 -50 -10 23 10 -33 46 23 -44 2 -12
54 -97 -130 116 73 19 -103 -7 84 225 18 -58 -51 -125 25 -15 -62 22 51 -3 199 141 110 -2 16 -72 89 -92 55 44 68 -84 -127 -110 -36 65 36 -128 -29 30 -37 -21 47 49 28 -47 -13 9 -1 60
-94 74 6 -8 -69 15 59 -32 0 -46 37 -11 23 81 -9 6 63 -96 -63 49 37 10 -58 19 44 -19 161 -19 8 110 -34 -7 9 39 -40 45 13 -128 43 40 0 -9 2 -9 -49 76 -37 -2 44 20
-17 6 89 40 65 25 32 -73 -75 -64 4 43 -51 -34 -15 -3 -19 -100 -43 -1 -30 -40 -17 -24 48 -36 -102 28 -50 77 -32 50 36 53 27 -7 -29 49 77 16 -6 54 -13 64 -57 -23 47 -37 6 -74
-68 21 -6 -32 102 93 31 -30 32 -9 -9 23 -64 -81 -45 -35 -22 -107 -34 40 -13 43 6 -53 75 -172 70 -6 56 154 27 -29 -62 -138 -184 83 149 37 16 -66 15 -6 112 54 39 -27 18 -44 -38 88
-48 -37 113 60 298 97 -143 -86 9 -114 38 68 88 158 78 -11 -40 97 163 60 -26 141 31 18 -56 163 71 -199 -5 -65 -18 -22 38 -116 26 -74 80 -6 -22 -20 103 38 -72 0 -82 68 47 -36 45 -131
138 -57 -17 -28 41 -7 121 48 342 69 159 18 -34 140 184 88 31 81 168 25 -152 4 9 12 83 -6 -17 -33 -72 9 15 6 -151 34 -67 -52 -23 -4 -21 -30 -67 -16 40 -44 8 -11 18 -38 71 25
3 19 -4 29 -22 -90 -149 40 -39 20 -43 42 69 -83 -18 40 78 -22 -110 123 -28 -27 -54 -50 77 -157 -101 175 -14 -57 -47 9 64 21 -13 73 -63 -30 -147 92 -34 92 6 11 69 -95 -80 -38 -27 117
-43 193 -163 86 181 -64 -95 26 121 162 15 31 70 -30 -22 59 -165 -45 -84 283 -55 42 -19 -188 152 -199 -83 185 -142 -167 18 -166 55 -98 -49 47 6 -30 -93 12 -117 2 57 -11 57 38 56 -53 61 -47
-2 -15 16 -5 95 -6 -97 -125 -20 30 45 29 30 -110 131 16 -99 89 -38 100 18 108 -31 13 41 -36 -5 38 28 27 -61 -5 3 36 -77 -29 -43 -83 15 9 -120 -82 50 -58 9 -48 0 68 38 42
48 81 155 8 97 107 84 -55 66 136 6 11 177 27 -84 -91 -112 47 -104 55 67 72 -126 27 77 130 110 67 -104 9 -127 51 -66 61 -24 20 17 142 -107 -107 -66 7 100 0 123 -9 120 -134 111 -63
22 6 -263 68 -183 -183 -33 115 66 -11 117 147 103 -274 -77 97 118 86 126 -87 350 265 -48 -38 -142 212 -234 97 -130 0 -14 -36 11 125 -18 -56 -87 -47 -4 54 48 -2 -144 58 -139 28 -44 58 -24 -216
-109 111 -12 -52 65 189 50 72 137 220 136 -53 5 -50 127 9 -114 150 86 140 7 254 38 81 26 -215 -52 154 260 -191 0 -49 126 25 64 -80 -23 11 54 26 -32 22 -49 -60 61 93 45 64 8 20
118 -91 16 132 118 -133 -107 80 26 17 191 83 182 24 -65 -27 -53 81 238 19 132 -87 171 32 -52 55 -36 -28 -127 -37 163 -70 -44 -86 144 7 32 27 -17 -32 124 29 39 -62 -173 9 81 6 41 -48
-27 10 33 -43 25 0 -49 -86 -44 2 10 7 14 -58 102 14 -30 0 -30 68 40 64 -1 58 75 -28 64 10 9 92 -25 37 -42 35 -38 22 1 -97 9 -2 -36 -54 20 -24 -31 -8 -14 30 63 31
210 -108 -60 24 -58 230 155 -62 61 93 237 -46 -221 18 178 305 -26 -83 -36 -105 -48 22 79 55 -46 3 -115 -102 109 -12 5 -10 74 -34 -48 35 -11 -212 -29 14 2 -12 -7 -88 -41 57 -107 25 -14 99
-82 35 28 -13 61 64 -24 -54 -95 -32 -32 -2 25 -14 77 32 0 -121 -3 72 55 39 40 85 97 -17 -27 0 -16 138 18 62 -79 21 -4 11 2 -36 41 -1 3 -63 22 77 -37 -50 -80 9 43 -71
-2 -70 -276 112 147 37 -82 -135 -173 173 72 335 -255 -16 110 65 14 -69 -222 58 -216 82 -196 -52 -248 -134 -118 -63 -98 -116 44 51 -48 9 36 68 6 -94 -39 -21 109 98 83 -49 -65 -35 -24 -1 33 187
70 74 -29 -46 -26 -11 152 -11 59 63 0 -30 24 0 -61 -68 118 -139 -60 174 0 -84 50 57 145 -49 -35 58 -95 260 50 -14 -215 132 -23 117 54 35 -124 -56 -57 108 172 77 221 -59 150 -41 103 151
-115 37 -242 30 -113 -105 -257 -1 0 83 93 85 -187 -44 74 165 187 -23 41 20 96 318 44 -180 -16 -157 -45 -52 -68 -161 -85 68 -32 86 -24 41 -54 -189 8 73 -32 8 16 -2 24 -23 -61 137 147 41
63 -115 -10 -105 -5 16 -2 -206 -6 -140 -21 -107 -110 -55 105 17 28 -19 105 59 160 9 54 -5 16 36 100 176 -16 -46 -135 115 48 -64 17 -15 -54 76 10 11 -48 -31 -142 -59 1 -199 167 133 -3 -141
29 -2 -95 -45 -61 87 64 3 19 38 -6 15 -16 26 113 44 23 -42 132 0 14 69 -11 48 -55 -64 -90 121 -70 -26 -101 -51 -55 63 -8 6 -62 -32 105 35 -52 20 -25 -96 53 -30 -76 137 -57 -75
15 -227 -109 -51 -64 -256 97 -9 -4 -177 35 63 40 -218 -335 -22 -50 60 150 107 -277 64 95 -24 -107 -8 -219 -14 35 43 14 14 67 205 -169 57 34 -111 161 -120 -76 -13 173 -123 -69 41 131 79 80 136
-16 35 -13 31 15 199 -14 9 -125 -64 71 83 96 196 12 51 174 -219 24 62 75 12 30 -21 -15 -76 -137 -27 -107 167 -42 49 -4 109 66 76 -18 -41 -19 35 -48 97 14 55 51 -34 -52 -22 5 -39
50 117 -161 88 77 43 129 -73 88 -11 -148 -216 -1 -3 63 -114 16 40 94 65 -61 -33 -55 15 -18 77 39 -1 94 59 -47 -91 0 27 -122 2 -21 -17 56 27 65 57 25 39 -69 -78 3 34 -86 -14
-62 -172 99 58 105 479 220 -60 60 353 -135 -176 -46 -95 -21 -128 1 -7 107 72 -149 132 -81 -84 32 -122 372 -121 -136 -234 10 -79 -101 27 -26 98 -19 -164 21 148 32 -57 -52 165 -40 -52 -94 27 -52 101
-54 71 6 29 -59 26 37 -38 -11 -64 19 -6 9 -7 -18 -3 43 -88 -34 40 22 17 0 -2 53 26 58 9 -2 120 -23 53 27 51 1 9 -14 -55 36 16 20 9 -36 5 -88 42 -28 -13 38 -1
40 -130 333 44 -39 -15 5 111 147 -136 -179 75 -5 117 375 -6 87 103 -162 27 -104 19 -43 172 -76 -136 -151 -69 -56 -12 122 122 215 89 -24 45 20 -81 7 51 166 -36 26 -11 -206 15 91 -51 127 64
-47 -5 -6 61 -102 91 257 -91 303 -6 154 17 -176 -200 -319 -101 -49 -102 237 -236 87 160 36 42 53 59 204 99 -145 -59 13 -27 -175 -29 -80 130 34 -34 46 19 -83 -155 -3 90 103 35 -68 -22 -87 62
-256 98 -24 27 24 -206 4 -35 -6 0 104 -85 97 46 53 -65 42 -30 -106 133 155 101 -162 8 -5 -12 168 13 112 68 -40 -172 15 -8 -166 8 4 -156 151 35 -144 -87 77 2 -15 161 -23 -5 -25 -14
139 -233 31 156 -162 -141 -85 -57 -86 -35 240 261 32 -63 -260 132 -13 22 159 70 -92 -122 198 -55 -242 -93 -48 -63 -39 -4 9 65 19 177 -22 -30 -41 -54 145 -87 -69 -35 136 -51 27 71 59 53 140 122
23 3 254 14 -147 -168 -210 107 145 -70 94 -64 42 115 -1 215 304 -61 177 -256 -44 420 66 34 200 189 -192 -56 2 56 -60 25 -44 -34 -111 22 39 -54 82 -14 -57 -3 -31 -12 27 70 72 33 47 -167
143 -160 -160 -59 49 -87 -151 102 31 209 -36 -9 -60 -218 6 -100 143 31 23 -33 194 40 58 -36 -20 -69 -26 46 166 116 102 88 -42 94 126 182 -38 -45 162 111 77 100 -44 72 67 -59 -23 -47 -72 70
-112 185 74 103 -4 -229 52 -84 106 31 44 -29 44 -30 -195 -58 17 21 -62 14 55 -63 -19 20 123 174 156 50 143 74 -48 -70 46 0 -58 23 -17 -86 150 16 5 20 32 -6 -104 103 -32 -33 1 9
179 124 -83 -6 -7 48 91 -69 -14 40 150 -21 -145 -18 125 112 -79 -19 38 11 62 -158 -62 -135 -126 85 -47 139 -117 -86 52 -21 56 76 -17 -103 -132 -59 -87 -7 -66 -63 -90 10 -66 -1 -79 75 -69 119
-50 196 51 -24 158 66 32 -157 120 180 135 -101 245 264 251 110 -254 122 212 368 3 -53 -9 -41 -11 -120 80 111 -158 -133 5 37 7 -44 -8 28 18 -41 52 39 -39 -129 26 -132 37 8 132 53 68 -30
35 -23 -18 -24 -63 -76 73 -194 61 45 -215 -96 56 4 -38 -291 286 74 6 260 14 -171 79 160 40 66 -43 207 -10 38 -64 11 44 -2 22 -38 -50 24 -52 8 -84 7 -34 55 -3 -79 39 -22 -21 -37
-40 35 -21 33 -53 98 20 -15 -71 -75 25 29 19 41 -3 20 86 -146 -16 37 21 8 31 -27 22 -8 -24 -8 -41 141 -34 67 14 62 26 31 -10 -52 28 13 4 45 -30 24 -57 17 -27 -23 36 -23
19 81 2 -59 -54 -158 -47 -65 85 -33 109 64 74 -38 -76 25 148 128 120 47 21 -193 154 -76 -37 91 -32 75 -52 -87 88 92 -93 -15 -11 -40 18 -30 4 -127 -50 122 58 84 -8 86 108 -153 126 -102
-10 70 -9 34 28 33 28 -106 31 -85 32 -68 39 -221 -95 -81 -98 -17 -39 66 -64 0 41 -108 92 85 -70 102 -52 77 -21 136 101 69 21 -80 -44 96 107 -11 120 57 -100 47 -232 32 22 -31 29 -58
47 324 42 138 -327 -185 120 -233 95 184 660 217 -289 -216 -29 219 -28 307 462 -89 34 -171 264 -59 -16 94 -259 2 -168 -211 74 -96 -15 43 -86 -44 -5 -201 -49 -43 -160 -87 0 -78 -10 -11 -90 39 4 -4
8 -16 177 39 101 30 48 -90 -119 -56 19 97 -76 49 -28 -4 -7 -115 -45 -22 -26 -67 -79 6 28 -130 -113 23 -57 67 -54 11 32 88 11 18 -46 53 68 48 -84 55 41 63 15 -58 87 -56 -12 -90
41 66 -258 -73 91 81 -15 -16 125 39 155 173 -49 49 8 76 0 9 150 19 -1 -51 87 -135 -21 -62 58 32 -59 -34 103 29 -43 1 19 -56 -49 -54 98 -19 -96 -85 119 98 48 10 22 80 43 12
-71 52 141 78 87 -173 -40 -14 -39 22 -44 128 -33 66 35 60 -22 -14 -59 -40 69 -62 -41 84 63 3 -50 -14 14 20 -27 -113 -29 -32 -36 14 -33 -58 60 30 -128 -81 70 44 25 -24 -58 -22 -33 -94
-70 65 -54 43 -85 15 4 -95 23 -23 45 -9 28 -175 -102 -3 -102 -16 18 21 -15 58 29 -129 55 14 128 114 -30 28 -78 166 74 83 -49 -113 -72 78 28 52 55 12 -57 13 -210 -21 99 -30 98 -72
25 21 23 124 96 -156 -18 156 4 -49 49 185 119 317 -9 141 23 -114 21 -86 64 -174 -1 115 -6 19 -291 -96 -205 24 17 -189 -113 17 16 34 -7 -8 105 37 -101 -91 124 153 122 -79 -147 63 -129 -198
-170 16 76 -18 75 15 -42 -84 -23 36 23 -143 6 58 68 16 136 -58 191 103 50 116 85 16 25 14 88 -90 59 36 20 87 122 -97 1 31 59 19 -111 37 13 67 -69 -37 41 -44 5 -47 -22 -9
-18 -184 -23 106 8 185 -80 2 31 103 114 199 107 0 25 -35 43 71 101 -86 134 120 159 142 -135 15 180 -158 -85 -73 -59 -11 176 -106 -10 56 37 -189 104 153 156 50 34 48 -246 -41 -36 -10 -44 -102
-68 -1 14 53 -32 30 37 -7 -99 -72 22 36 -35 6 14 16 31 -141 -29 8 8 -1 -1 -46 27 -28 -36 0 -29 117 -35 38 16 28 1 16 0 -4 43 11 -24 38 -12 31 -52 7 35 -51 24 -43
42 13 -249 143 96 325 -25 57 91 432 120 473 -100 202 17 -418 345 168 32 118 -446 -44 115 -166 -79 -264 219 -122 -173 -93 26 -88 -86 3 8 -91 -136 -20 134 -5 -160 -63 18 -2 -124 -32 15 15 -5 -13
-46 24 -33 44 -71 97 27 -5 -81 -84 41 30 8 21 -3 9 89 -156 -2 42 18 13 38 -47 9 -12 -28 0 -49 144 -36 79 20 58 22 28 -6 -32 19 10 11 53 -36 22 -77 13 -15 -44 36 -24
-41 311 -64 -101 198 -52 39 147 105 103 255 -282 -92 104 78 -30 8 -118 -7 18 -98 23 -100 -26 344 37 -53 -107 -88 -48 -64 120 88 -24 -50 60 40 -112 -83 104 -12 48 -41 40 98 8 48 -73 72 -46
2 -10 107 35 101 66 26 -90 -112 -73 26 71 -54 -8 -11 -9 -13 -120 -32 -5 -31 -54 -25 -17 27 -93 -158 27 -73 83 -47 54 33 76 31 -4 -38 67 79 28 -28 73 0 83 -33 -47 62 -47 -8 -95
87 17 -14 -50 -62 -133 45 -50 8 12 95 -26 -236 -94 127 105 25 -13 -26 71 -124 71 56 -142 46 -23 -236 149 61 -48 12 -49 29 -2 39 122 -33 -69 59 33 -95 -46 85 -1 53 -45 13 -7 -30 42
-105 197 61 75 138 7 -111 -99 -58 105 -17 33 0 15 153 79 -44 -27 81 78 50 97 55 60 161 10 -97 26 49 111 -2 48 -77 -11 -17 -25 -48 37 36 23 -15 -53 68 43 0 -119 -50 13 34 -140
-126 162 79 0 -9 58 1 -35 -91 121 -30 -28 1 16 31 -196 21 95 -56 -10 55 -26 -59 18 -41 52 53 -106 76 64 -16 -44 -121 -78 8 41 26 -21 -34 -18 -98 -112 -88 -37 135 3 109 -29 -73 -56
-211 58 16 60 13 -12 -63 -32 93 -193 -10 119 44 144 70 119 65 51 138 33 -71 21 33 -117 18 -65 -194 37 -26 -118 -7 33 -109 41 -97 -65 -75 45 169 -32 -135 -43 -11 27 25 21 -7 106 79 0
-43 -9 -1 126 -45 -228 -158 81 -220 260 86 125 59 -158 86 -107 -74 15 18 -54 104 -13 166 125 87 99 105 63 -47 27 -129 -18 -12 15 39 53 -2 11 -7 -48 -5 -23 -25 -67 22 -125 32 38 -57 9
15 -19 136 35 127 -2 33 -74 -91 -62 41 78 -68 -20 4 -10 -60 -92 -49 -19 -25 -81 -70 4 28 -102 -129 39 -71 54 -29 19 26 59 14 -7 -31 98 87 34 -16 34 22 94 -24 -62 61 -49 -32 -109
-102 -112 -81 110 -236 52 -59 85 -30 -9 46 216 3 -47 -212 -109 -126 29 -69 -152 14 -39 125 -3 -54 -321 32 -83 113 49 158 40 30 93 95 26 -14 -101 105 -59 65 -71 3 -51 -22 6 -186 49 -16 26
-36 -223 -240 -8 -48 146 56 -240 -42 165 61 47 37 -398 -298 -22 -165 78 124 -347 29 9 21 -75 30 89 208 -59 27 248 60 -136 -178 -42 -15 -98 71 62 -105 9 16 77 16 92 156 21 99 63 25 -4
128 209 -155 70 91 120 157 215 93 215 127 15 -312 -57 118 269 5 -168 10 -88 116 85 -39 -148 -46 43 -141 -108 24 -91 40 -28 58 43 -25 28 5 -35 96 -1 16 -25 -74 -95 -3 0 -43 61 -89 55
-80 55 5 20 -57 51 26 13 -59 -37 11 53 -7 105 21 50 96 -161 -40 16 44 -19 6 8 29 -43 78 -46 -18 140 -21 15 -17 28 -2 69 12 -104 17 30 -21 -1 19 24 -20 13 -31 -21 38 -10
-72 47 18 48 -45 -3 40 -26 -33 -69 12 2 -10 -15 -8 5 22 -96 -43 24 14 8 -8 -14 54 20 27 1 -5 113 -29 34 21 29 -10 8 -8 -31 47 16 4 15 -25 19 -80 31 -8 -29 23 -18
-80 76 52 19 -10 12 28 -38 -40 -27 -8 28 -41 37 35 42 39 -119 -42 12 25 -5 -14 19 76 -10 73 -20 8 130 -19 19 -25 17 0 52 3 -79 39 30 -22 -9 16 21 -19 -2 -9 -10 33 -15
-46 35 41 30 26 118 3 -17 -110 -59 12 70 14 128 19 44 96 -170 -12 15 30 -5 8 -3 25 -63 -97 -36 -61 134 -40 32 -6 65 35 57 -14 -45 27 35 -43 57 14 53 20 -22 -23 -17 13 -45
-45 -2 -104 -27 44 145 2 69 142 333 247 -125 81 -20 13 -41 -12 112 246 206 133 214 134 -65 -48 -234 82 -20 -7 -164 -13 33 93 -6 46 34 -23 -35 -8 39 -12 78 -50 -125 29 -2 33 31 37 90
-130 125 77 145 -2 124 51 247 149 85 60 61 64 -179 -90 -107 199 -164 215 -102 -147 -7 -128 -119 -45 -180 173 344 -31 -135 -14 -41 -122 -62 -15 29 95 -48 67 19 21 -75 -11 59 61 26 90 28 3 -111
-105 74 31 17 -58 48 25 20 -73 -8 -16 61 -24 139 25 54 118 -177 -54 -1 49 -25 -2 12 36 -62 106 -61 4 150 -14 8 -8 29 -1 92 7 -140 22 48 -43 -15 36 16 -5 2 -25 -11 43 -2
86 -65 -38 124 -26 -3 -56 -47 -85 33 81 108 -195 -68 -122 123 129 23 321 57 6 54 83 -82 -196 56 4 29 143 -161 72 -16 87 -1 93 65 -42 -95 21 53 -11 43 40 -13 -106 6 -74 -6 -85 17
-394 86 -7 133 -9 -16 65 -48 -99 66 131 -18 -182 -103 21 -170 -53 -82 47 -81 -81 199 -102 -187 55 -103 111 115 19 -139 17 -82 27 -95 -42 13 87 -20 26 -11 -56 -137 -29 -120 114 -104 101 99 -81 -47
85 -65 176 9 50 212 110 -50 159 -85 -106 99 -30 44 -77 50 -1 -58 111 -124 44 -3 -38 136 31 111 138 -36 -273 -68 -30 77 -69 46 -63 -161 29 146 -30 -63 81 134 -23 180 -123 91 65 -10 152 26
-52 8 -30 0 -93 115 27 50 -83 -26 29 69 7 133 45 43 143 -182 -44 40 43 -21 19 -8 -16 -82 89 -49 -31 147 -25 30 -12 51 -10 86 23 -123 -21 23 -34 3 25 7 -14 13 -20 -38 48 25
-12 14 20 56 116 194 -61 -159 -162 -54 6 19 7 -164 7 -49 -10 -130 31 67 -13 20 110 -69 41 -32 -226 78 -91 128 -39 175 24 94 105 -41 -70 91 107 -7 36 112 -82 105 -143 -69 27 -46 37 -151
-64 60 58 35 -13 29 45 -56 -46 -57 2 16 -19 36 -10 10 36 -105 -51 10 5 -3 -28 2 65 -5 17 -7 -7 113 -41 21 20 44 3 30 -12 -53 57 35 -11 31 -4 22 -43 17 0 -18 22 -27
-128 57 62 -36 25 42 33 -40 -64 5 -32 -6 -26 81 77 37 34 -132 -58 50 57 0 -31 72 84 -72 130 -49 31 128 10 -15 -79 8 -27 102 25 -148 48 38 -48 -56 66 26 24 -19 -40 7 37 -1
0 163 -94 -42 67 18 -91 -33 -11 289 96 -68 51 101 13 -153 8 145 178 96 5 41 85 8 21 -35 -6 -36 -12 -54 16 65 84 59 40 -58 -80 -33 -54 50 6 -20 -3 -56 -3 -74 48 50 52 16
-26 24 15 41 3 95 20 -22 -81 -80 39 49 20 69 -9 25 67 -144 -13 14 9 -11 5 -33 16 -31 -102 -5 -73 113 -45 40 18 63 31 25 -17 -1 38 21 -9 70 -13 47 -27 -5 -15 -29 4 -50
-101 23 -161 -102 30 44 54 121 12 11 20 53 43 64 54 37 -16 -18 -14 -3 -39 -67 24 -62 -184 -64 -131 -59 33 0 82 49 102 -21 70 -29 -48 -15 16 -34 7 -59 -13 -19 19 42 -139 1 -25 -65
64 32 -174 46 103 64 -207 91 17 323 160 122 -132 149 154 46 -34 -34 -113 25 113 75 158 -264 -96 -325 -126 -128 38 -114 -15 -87 -10 65 -171 60 16 -172 59 30 -12 -65 53 -51 -188 90 65 54 100 122
-64 46 81 38 49 28 43 -59 -58 -67 14 29 13 76 4 37 4 -109 -49 9 0 -26 -50 17 68 -16 -57 -5 -46 86 -31 -23 -2 28 0 22 -8 -19 71 28 -25 24 21 49 -3 -6 -18 -10 -8 -64
-34 6 128 66 35 -153 -28 -22 -98 34 -32 125 -15 41 20 87 -90 -18 -73 -89 80 -117 -50 37 1 -84 -71 29 -52 -37 -9 -46 21 38 4 -50 -97 50 67 42 -135 -85 68 88 -5 -88 38 -30 -29 -198
-82 2 160 72 31 -69 44 -71 -56 -14 6 97 -49 18 -54 10 -5 -54 -75 -33 39 -21 -82 -15 43 -22 56 15 15 43 -63 -56 17 13 -59 27 -22 -40 81 40 -112 -16 55 23 9 19 52 -58 12 -55
-2 -9 58 42 65 63 24 -44 -98 -83 40 68 -28 20 0 9 7 -134 -16 -8 -14 -52 -6 -31 17 -66 -151 10 -90 92 -43 40 16 52 36 5 -18 56 60 19 -11 72 -11 78 -30 -29 28 -45 -12 -84
131 -145 -64 -138 -22 -83 119 -33 0 184 -24 131 -67 -104 146 -99 93 39 10 35 10 -286 85 104 -209 18 161 46 -77 36 -119 -9 -188 -20 -104 78 -38 -94 43 -116 -61 -69 -65 -73 -83 -114 129 -73 20 181
40 5 15 10 109 121 39 -130 -40 -75 87 0 21 -140 -55 -87 -69 -73 -33 58 -60 -27 -16 -69 36 -17 -145 95 -141 64 -33 88 37 89 37 -45 -25 121 82 -6 71 84 -53 82 -93 -15 46 -40 2 -87
-11 50 64 125 56 79 -73 9 31 91 119 83 23 114 35 -100 57 75 102 0 21 98 35 101 -17 15 -41 -6 75 -26 14 -16 90 -13 5 -96 -11 -29 -21 23 4 -42 -21 -9 -73 52 -34 -4 5 27
45 -2 -1 10 26 -56 133 139 134 147 -58 -52 64 135 10 -104 8 -71 77 -64 102 35 19 104 149 99 -32 105 -135 52 -136 6 73 33 -44 63 122 74 -137 82 -45 -112 163 45 31 -130 83 -33 16 -24
-12 74 -143 -223 -84 7 5 -290 116 55 203 -39 53 -246 -317 -201 -193 138 223 -64 199 -18 195 16 80 33 222 174 -168 -86 -72 33 -124 -83 101 108 47 -4 -128 70 -36 -35 26 29 65 -27 56 -45 -24 39
-31 17 67 44 45 76 25 -74 -88 -71 14 46 -18 9 -15 2 21 -119 -29 12 -13 -10 -8 -28 39 -38 -107 13 -54 101 -49 54 36 69 28 3 -34 14 68 27 -21 68 -16 55 -47 -13 21 -34 10 -63
-148 268 40 75 188 144 253 -161 170 -62 -212 -235 28 175 202 30 -127 21 -182 96 -249 -206 -184 -160 90 22 168 -155 -5 90 62 -104 48 -61 65 105 25 -7 13 -3 0 55 83 -40 92 -41 181 58 -13 166
-42 23 31 98 39 163 0 -100 23 57 175 129 107 200 -38 84 8 -41 59 105 -10 -31 97 -63 -28 -42 160 -68 45 70 94 23 -77 5 138 -16 -13 -74 -15 -45 -165 130 61 -73 86 97 199 -95 107 12
-107 11 -203 -31 10 -35 -218 -9 -271 3 83 -37 142 107 -58 18 -276 87 87 41 -48 -2 86 -90 181 -126 23 -41 19 -168 -117 -99 -23 -31 14 32 11 101 -16 0 -12 102 28 46 5 -30 27 -61 -22 -19
-56 78 40 58 -22 -33 30 -55 0 -51 4 -18 -16 -87 -19 -14 -24 -50 -43 28 0 11 -3 -13 84 60 43 35 22 103 -19 50 39 29 2 -22 -26 1 54 10 19 3 -40 13 -111 26 6 -23 20 -16
-98 -35 -90 73 -66 -51 172 -97 -72 134 211 -93 -90 -200 32 -2 -73 10 49 -61 197 58 -82 40 -87 96 -88 114 -82 -162 159 -41 76 72 37 -6 -82 -48 22 41 28 -39 2 -5 47 -44 -1 56 49 49
23 67 96 17 -127 -18 163 41 -219 -42 -35 -15 -164 -25 -66 -281 -69 88 195 -92 -119 21 -105 149 -39 31 -92 30 5 4 52 -46 -78 96 -68 69 41 -15 -7 -34 -53 -77 48 -28 -15 -33 -48 28 -32 69
-13 73 -23 44 30 109 22 -132 4 -99 49 -83 85 -201 -116 -109 -51 -27 -25 97 -55 48 40 -97 75 94 -119 95 -70 84 -31 139 118 107 37 -85 -60 75 115 -9 127 100 -123 50 -236 50 -13 -25 29 -68
-69 42 -36 112 3 -68 103 13 55 30 168 59 -80 138 -40 144 0 -106 180 0 -139 19 -39 -142 33 -23 -70 -23 -168 -59 -53 -46 -67 93 -50 26 -14 -28 -66 40 -137 76 10 -36 82 21 31 39 5 40
87 -191 36 138 -9 117 28 60 245 323 157 88 70 43 170 34 -80 178 203 23 92 170 54 -83 -127 -142 38 22 -242 -274 12 12 88 -37 31 -26 8 -42 7 59 -10 13 -28 -76 -47 52 62 61 41 91
18 -162 121 83 -140 -105 -18 105 -11 135 -1 -74 -78 19 -23 -18 63 -4 186 -24 -5 27 58 -37 112 -129 289 -199 -93 -22 -29 -26 -46 -44 -132 33 42 -26 16 53 26 -11 -17 63 -138 49 62 -82 105 -39
54 44 -89 -28 -53 37 -52 -51 46 24 -16 -18 42 -65 -63 -20 -6 32 -2 -17 -86 -13 82 -97 59 50 1 58 -38 10 -66 103 0 34 -28 -38 -13 11 -23 7 69 60 -37 -29 -90 -26 23 20 67 12
-85 -106 163 85 199 -129 83 55 224 22 115 11 149 -12 -43 -172 46 67 4 -151 9 19 -47 22 29 109 -71 2 33 107 -50 -86 -83 -80 -58 61 160 10 77 20 142 -36 98 24 49 -37 -7 54 -25 63
-32 30 -120 93 -82 151 227 -155 132 53 -52 -8 -181 -137 -230 -4 23 -179 31 -140 -28 121 -46 152 79 31 156 86 -61 -30 -42 -24 -69 9 -119 47 27 -39 0 -4 83 68 58 54 9 -116 -18 103 101 18
-76 -234 -113 32 131 200 96 53 -50 89 -148 186 -28 18 137 -85 -4 -69 -198 80 -8 -167 -109 -64 -278 69 152 -115 26 56 123 20 -245 -76 3 7 -77 -58 161 -68 -80 -138 -156 66 90 -24 -26 75 -78 66
-22 -29 -21 -29 43 22 38 -17 -37 104 -17 57 0 92 -3 52 5 3 -20 67 -103 -64 -60 -10 3 -142 -35 -11 17 -23 62 123 -143 77 166 9 -62 91 83 25 121 133 -112 -69 58 -73 9 31 107 -88
-69 80 61 69 20 -30 -8 -70 -25 -17 -27 8 -8 -72 19 21 -35 -51 -47 -2 21 14 5 -2 98 57 3 39 28 99 -20 35 27 19 12 -33 -39 -3 71 12 -23 -17 -15 32 -74 -6 16 0 21 -52
-20 -145 9 -36 173 56 137 -75 181 123 -50 -183 -44 -74 -21 -134 83 -74 -65 149 -122 0 6 0 -37 15 -64 66 9 -37 4 -92 -171 -86 -181 -31 89 9 52 -90 -65 -26 66 1 109 88 -20 -17 72 99
29 1 38 -41 -72 -82 -34 -46 -156 83 12 100 -107 -49 -4 0 -5 40 -85 11 -45 -121 -2 -33 -105 -173 28 -53 74 50 -30 -1 27 -42 -38 128 37 -70 -12 -9 14 49 38 -111 -70 20 113 -134 17 -14
-8 16 56 38 87 80 6 -91 -85 -70 21 42 -23 -63 -10 -17 -14 -108 -17 14 -26 -31 18 -38 40 -28 -154 38 -82 93 -37 88 30 67 49 -18 -37 62 87 16 23 71 -40 87 -81 -32 23 -33 4 -89
-84 64 31 -5 -8 50 27 -30 -46 -29 -2 17 -10 60 48 34 53 -132 -43 36 39 2 -10 35 67 -27 81 -27 -2 139 -11 14 -41 25 -7 66 17 -105 34 24 -17 -21 25 24 -14 6 -38 -1 38 -4
61 -194 -19 -154 -119 16 2 -37 -94 51 -201 -147 87 1 -215 -191 -44 13 -291 12 144 -160 -118 42 -106 -261 304 159 125 -83 62 67 -3 124 8 -109 -121 118 -86 23 -34 -83 10 28 57 -104 145 94 37 -4
136 62 204 96 68 -7 -7 28 44 27 -85 -102 14 -110 106 -134 -91 233 95 110 -152 197 -11 270 122 35 -67 -1 136 -43 7 -94 -155 -58 -90 64 98 39 -66 -105 24 -24 64 32 64 49 16 -98 4 -100
-15 -13 -136 8 -43 95 -56 -76 -41 70 69 47 55 -71 1 21 -23 -2 34 -17 44 21 43 -120 -73 -13 56 63 -104 -50 11 54 -98 -3 -51 -48 -19 37 -31 -35 -40 -54 47 25 13 -65 84 22 78 -61
-134 -8 115 -103 -22 64 -8 -128 36 -88 -58 -70 -125 -273 14 -79 -10 -118 -169 -248 256 69 30 31 168 137 280 204 -39 -55 -133 87 -24 -20 16 41 24 76 -101 37 86 38 -118 124 51 -50 -12 6 -39 -14
-83 287 -147 202 -162 -14 321 -49 277 429 6 -163 -489 175 537 129 367 12 -4 -43 -259 291 -462 -175 -449 -208 -435 -138 -124 -158 -46 -10 -99 2 -104 -45 -22 -204 58 -12 -272 -139 139 118 210 68 37 23 109 -174
70 63 22 117 -58 0 34 132 -16 177 32 103 7 11 -136 49 59 1 3 32 63 -60 33 -62 -45 -148 68 -139 -141 -48 42 -5 83 38 -84 15 -27 -103 -15 129 113 102 -85 43 -16 96 89 -15 163 -72
-51 119 -134 -12 76 44 -43 -15 -22 27 42 13 -84 58 41 -73 20 -3 -64 -65 36 0 -122 180 -85 75 146 -25 100 -123 -32 36 15 75 60 -20 -44 -220 84 142 47 -104 -78 58 -83 48 -52 107 37 -74
-22 455 51 -32 174 -300 0 -46 287 314 40 -46 34 97 -177 12 102 54 124 381 3 -173 172 -366 530 7 -146 60 -348 -26 -27 -27 -143 114 -236 28 28 -58 -55 6 -63 66 -79 56 -102 48 158 -83 86 138
57 3 -2 29 65 0 135 -143 68 30 287 -75 -107 -4 -11 264 -46 -111 2 -54 64 -173 -37 78 -120 58 -60 -126 -111 -124 24 43 -33 -48 -5 34 -65 -6 -34 -24 -24 -10 -36 -21 60 -48 -78 -6 -40 18
-136 10 -95 133 51 -157 21 -16 -63 -10 165 -53 11 -6 -160 72 -142 -63 160 -49 111 107 30 -119 179 147 37 21 -43 -35 -58 16 -66 -18 93 18 -24 -7 55 52 25 51 -80 -56 98 -63 -124 40 -4 11
-85 -2 -76 -91 81 14 -241 -242 -91 -111 167 -253 140 101 -166 -196 -226 24 11 92 251 -113 254 81 121 -83 226 -34 61 -85 -35 -29 -18 -31 3 -106 -23 80 -8 -55 -28 -19 -61 -20 6 67 86 9 35 -3
44 -336 -272 171 -101 142 -135 97 -260 308 3 359 -78 -59 -165 -86 -74 14 -119 -24 -111 190 100 -155 -185 -192 -75 -39 -44 -207 -39 1 -41 188 -27 112 -48 -108 -40 -58 -68 77 89 4 94 12 -81 -37 -5 250
18 -9 -99 -46 -180 -198 109 72 -41 31 122 342 83 -155 -186 286 -156 -13 -19 3 34 -290 93 -28 -220 -365 -392 -75 -318 115 98 -112 113 60 -11 -30 -23 -159 -82 -38 14 22 184 -82 3 24 -60 125 213 175
-45 -48 -230 -89 -13 4 -114 -171 114 -121 -93 46 -79 4 89 -72 151 -77 -127 -221 -210 -15 35 86 105 -39 95 2 -57 47 -199 50 3 -154 77 -3 52 36 -25 114 62 6 64 96 2 -129 -28 65 -166 132
-144 3 79 -1 -53 -138 83 51 -59 56 151 151 -86 115 -87 -15 69 79 219 2 -78 24 -63 -97 -101 -32 -54 -27 -88 -142 70 -70 132 -31 -69 23 40 -77 21 82 3 8 35 -34 -40 31 40 -47 -14 -12
-50 51 27 45 -12 43 29 -50 -48 -69 12 13 0 -10 -23 5 23 -102 -33 19 0 5 1 -25 57 16 -28 11 -24 114 -41 52 32 50 12 0 -21 -16 61 23 11 41 -31 34 -78 20 -8 -22 26 -39
-56 -38 -119 108 -15 46 4 14 3 68 10 48 -10 -33 6 -64 33 41 51 -4 84 134 63 12 -12 110 -46 -4 17 -46 87 -18 -23 28 99 0 6 -57 71 5 16 -91 -9 -13 130 44 1 112 88 -40
-84 -30 -59 30 -109 36 8 32 -114 -76 21 13 -27 -34 72 8 65 -145 -16 53 44 55 32 -53 1 -25 38 -3 -16 138 -12 66 -3 17 -17 14 18 -40 8 -21 -25 -3 -38 -3 -79 32 38 -46 59 -8
-51 35 37 30 6 83 17 -34 -86 -62 9 46 -4 73 15 33 63 -139 -31 6 15 -1 -2 -7 41 -39 -59 -26 -40 126 -40 32 5 48 19 38 -9 -43 42 30 -18 50 -3 41 -19 0 -8 -19 22 -39
-92 136 79 41 7 -78 32 -84 42 0 12 -12 0 -9 0 0 -13 -19 -62 45 28 0 -59 28 89 50 142 33 83 95 -32 -10 15 30 -28 9 -35 -84 88 37 -48 -42 19 -10 -51 41 -14 4 16 5
76 -12 -121 -139 2 -75 103 -272 -305 175 -60 -174 -319 -80 -102 -131 214 -116 -5 275 -103 102 -53 -10 36 132 -178 143 -87 -132 -135 -104 -37 -97 -147 36 -59 -174 65 144 -103 -19 74 89 53 -2 -56 -6 98 -3
83 -35 -13 50 -63 114 -20 -26 -29 -46 185 140 1 0 -176 -17 -160 50 90 -65 -11 -69 22 123 -71 -182 242 -36 -29 -136 76 -7 89 100 18 13 -63 45 -25 99 119 9 -1 -55 -83 -66 3 -23 -16 47
91 26 5 -45 -20 -70 31 74 100 -83 -15 14 -10 -13 -48 -8 64 41 -13 -123 -32 -23 -80 -6 17 31 -74 -35 -22 20 -19 12 47 -5 -17 76 -18 -65 33 59 -76 -10 -76 57 -92 53 -32 -104 -40 -103
60 177 -426 -267 309 132 67 -53 291 198 94 79 -57 -152 -238 -229 -195 -146 -171 29 -50 -104 -193 -209 12 -396 237 140 -206 99 7 29 11 40 -88 -19 -115 -164 -156 35 -251 -156 -56 -101 -83 -63 -23 0 5 100
-59 -103 -150 31 31 185 -5 -278 80 170 238 -54 57 -332 -228 -97 -111 -71 66 -218 48 -115 157 -152 34 48 372 218 -62 -85 46 -147 -88 -143 44 32 62 -117 -19 -87 -182 81 -44 -38 153 -143 115 102 -149 2
101 12 -39 37 32 52 79 -20 145 128 46 38 -64 -55 22 72 131 -34 -81 37 -63 -66 -44 3 -44 44 -21 47 9 13 11 6 -39 53 -25 -13 -83 23 44 0 -69 -13 60 -6 59 -54 18 28 16 -23
-14 -41 212 -26 24 -112 -5 -20 -267 116 -112 50 -87 3 -159 -47 -109 11 -134 -143 -24 -211 -88 48 -113 -209 -14 -3 102 -91 76 2 111 29 -40 -98 -57 130 -21 21 -71 -52 90 65 58 -74 221 -40 39 -160
28 -190 87 -48 6 -116 -169 172 -12 -193 -122 -77 -110 33 12 -72 107 -88 -9 -49 -139 156 98 374 92 -94 -114 -194 183 48 39 -24 30 -58 -88 62 184 -60 51 -11 170 67 27 88 -142 153 -81 -125 -26 -84
-195 -27 68 24 90 88 -192 -214 71 -81 218 220 -61 97 -3 190 87 13 171 -101 -22 189 121 -10 -36 -59 164 -34 93 -186 -85 -33 -104 -87 -5 147 87 -153 -24 -20 -41 103 54 -100 106 -55 -133 69 -60 56
-78 75 68 47 -13 -18 52 -61 -15 -51 5 -1 -26 -15 -17 -6 9 -77 -60 24 -1 2 -43 -1 76 27 66 13 25 107 -39 16 28 35 -15 15 -15 -47 68 29 -14 12 -9 12 -63 35 5 -25 19 -10
-41 130 -71 -162 154 -12 -47 13 23 98 -67 33 -41 97 24 63 -19 -46 59 57 108 -139 64 42 -39 -79 64 -58 -16 -1 95 84 152 -20 -157 21 31 -154 -168 106 -6 -127 121 86 -97 -32 -19 -122 124 113
16 -27 147 39 126 -28 30 -67 -91 -45 31 90 -68 -20 -4 3 -75 -77 -60 -44 -9 -102 -69 12 18 -108 -130 39 -64 30 -20 7 32 51 3 -22 -36 107 85 30 -28 17 37 105 -17 -67 77 -47 -30 -124
64 -29 130 -52 171 72 -53 42 177 95 -116 -116 8 -69 68 -105 127 58 139 141 -107 124 2 45 51 -48 76 31 144 -16 123 -7 -76 2 -44 109 18 47 63 -47 35 26 9 -21 -88 -43 -75 -67 -105 3
-48 40 35 114 -71 -32 98 -115 -217 99 -49 -31 13 135 -129 -196 118 -60 -33 7 -105 -143 25 163 -27 190 219 -39 154 155 -70 -16 12 -83 8 -44 40 25 53 -66 27 -100 58 -37 62 -6 158 -12 88 -192
-103 48 83 29 -23 14 58 -42 -69 -41 2 39 -38 91 10 27 54 -130 -67 8 27 -7 -58 10 57 -45 92 -36 8 122 -46 -19 -4 23 -28 66 6 -100 50 45 -60 14 28 6 0 29 20 -32 35 -8
87 -45 -271 14 135 -129 142 -192 98 -76 406 70 -114 77 -254 346 -140 -100 173 -172 39 -65 -64 179 -366 314 -199 -46 -70 -276 40 89 118 -13 -53 -35 -55 -250 136 -76 16 -114 -85 -202 -39 0 -15 129 83 -82
-184 94 61 58 27 -138 70 -47 47 -11 87 -12 47 49 -30 -5 -1 -52 -76 80 76 8 -117 27 55 11 181 20 75 61 -49 -124 -23 -25 -113 48 13 -107 107 37 -86 -49 74 5 11 67 -53 -23 -28 -6
171 34 -176 205 -166 422 230 157 321 -145 103 132 -16 -17 -33 134 -70 5 43 -181 120 62 -93 27 -286 -29 120 41 -133 -258 106 12 -37 -91 -140 -79 9 94 -213 -98 48 19 53 114 -180 66 -66 -187 13 28
-42 25 16 49 -12 50 24 -16 -69 -67 19 40 -8 28 3 23 44 -136 -22 10 11 -9 11 -24 35 -15 -49 -2 -43 118 -36 36 10 38 19 22 -6 -17 37 14 -12 41 -13 38 -43 2 -7 -33 15 -43
106 -100 -190 83 -34 181 39 16 143 32 185 129 -45 14 -5 -44 -21 101 23 -7 -38 49 -24 -115 -165 -76 -46 3 -61 -87 142 6 -43 17 -31 -25 -29 -74 40 -26 29 -153 -26 36 7 51 -41 91 26 95
37 41 194 -2 261 154 15 19 124 -74 -23 104 132 37 215 129 -56 34 233 89 47 72 -37 202 -52 207 186 -51 -71 11 15 -5 40 -48 -135 -138 81 10 -41 -36 78 23 -76 -2 -58 90 73 -89 76 -57
1 41 -48 25 132 -122 -115 -112 214 38 117 143 8 107 -22 -40 -12 52 0 83 -38 -35 -46 -51 38 -1 156 141 5 -97 -42 70 25 -139 81 -24 -81 -5 95 36 -18 -127 -61 -70 -52 -65 -125 -6 -92 -96
-12 -21 111 51 84 -56 42 -59 -46 -53 15 53 -56 -81 -12 -11 -85 -46 -73 -28 -21 -69 -54 -20 36 -27 -94 57 -42 25 -22 10 38 30 -20 -33 -22 85 94 10 -9 -1 18 83 -61 -27 63 -45 -15 -100
-145 6 73 101 38 -58 -37 25 33 76 23 89 -108 28 56 -151 96 24 145 70 22 -7 187 55 35 31 65 1 103 -34 -146 86 -85 -24 43 -5 -46 26 61 -4 -148 -63 -95 53 58 -35 61 -19 -14 -69
-2 -16 58 42 64 69 26 -55 -98 -80 40 57 -27 0 0 4 -2 -126 -22 2 -18 -40 -6 -35 19 -70 -155 23 -82 86 -38 52 21 58 33 1 -23 66 66 12 -8 71 -9 73 -40 -37 36 -46 -7 -89
-104 -46 -159 113 35 128 -85 3 -88 67 -18 121 -152 -13 85 -6 -93 6 0 -48 7 280 -26 -130 -111 -18 161 -96 -15 -161 70 33 -120 1 -15 134 31 -61 -33 -11 50 -42 0 35 -5 -118 -70 0 -113 25
-70 1 -1 5 -8 -22 93 -26 16 -68 78 -49 -57 -102 -53 -61 -11 -83 -25 55 -20 -3 -34 -104 36 -40 54 66 60 107 34 49 3 -15 -31 32 41 51 34 -35 45 46 -13 -18 -90 48 49 -88 6 55
-37 -28 26 17 73 10 20 23 41 -1 -138 -173 -89 -39 40 3 -38 -130 115 38 -11 104 30 -44 -49 14 -66 -30 3 16 -1 -22 -18 26 -87 -55 15 35 -34 -24 -58 -77 -86 29 -130 90 0 74 -5 7
25 10 -61 57 3 127 46 -4 -170 9 1 109 -48 126 -40 -1 30 -84 -17 -85 43 7 6 163 -136 134 -3 -174 4 84 -7 -83 148 -23 19 10 -27 -215 2 90 26 -12 -9 60 73 87 29 135 -10 -54
-368 8 87 171 -189 -132 182 50 -177 -150 46 32 -41 15 -158 -132 -5 -177 -77 -39 -158 16 -167 -256 40 -75 -37 58 -102 72 -86 -105 31 -94 -181 4 107 115 77 47 -118 -39 106 -6 82 25 273 -84 27 -142
-92 24 25 11 -121 -42 10 105 -69 67 41 100 -93 -49 77 -130 26 -15 -17 -103 29 -188 -16 -88 31 -139 -196 221 2 -66 48 -92 -90 104 -66 48 -30 -125 54 0 -112 -148 -47 77 68 51 -100 110 -86 66
-115 -160 -4 22 -16 -145 65 -175 -78 138 -16 -258 43 -166 -218 -192 -77 16 125 -28 300 53 123 74 55 43 169 2 -105 -92 -35 -8 -194 76 -43 -27 -25 60 -46 -4 0 -9 -24 22 27 -92 107 59 45 -78
-34 71 60 74 13 -89 -34 -41 8 -4 -44 -13 -5 -148 35 -18 -65 26 -50 37 9 52 11 24 102 102 27 54 69 75 4 43 33 20 -4 -67 -49 30 43 -18 -20 -67 -25 0 -84 -2 20 21 14 3
-114 13 96 -13 82 -370 -74 -44 68 -37 126 -15 38 7 0 81 -35 25 132 103 22 145 50 -33 300 159 -107 172 -55 -40 12 -186 176 -48 54 -74 9 6 12 19 -105 -25 90 -38 -76 51 -87 59 -92 -64
-69 22 2 54 -54 -1 47 -20 -40 -82 17 -15 -9 -66 -13 -21 2 -91 -41 36 6 25 -2 -27 54 31 12 22 -5 114 -24 53 40 37 -12 -12 -8 -5 49 4 24 17 -48 17 -115 37 0 -34 24 -10
-56 -89 247 30 -117 -117 -177 1 -6 -211 3 191 59 -82 -132 55 113 127 90 -115 58 -25 119 169 -40 -41 31 50 157 -138 -53 130 -169 22 -22 82 -12 -2 40 -87 -54 -36 18 22 98 -118 -70 -28 -35 -55
-113 -138 119 14 34 -36 75 -91 -70 -111 68 -14 27 -113 -19 -63 -159 62 -73 -40 2 -31 -79 -22 -63 -94 -54 41 -17 -88 -15 11 35 -47 -67 -9 42 94 75 1 102 -1 16 46 -86 -37 29 -72 -39 -145
-19 25 -133 -105 265 -26 59 -84 311 293 145 -95 -114 -88 7 -14 -236 9 85 129 -97 -34 87 -132 128 -210 -19 -2 -157 -113 64 74 -42 -65 -2 31 -12 -187 -226 17 -214 -106 -3 -26 58 -32 -102 -120 30 88
-9 153 -99 -37 23 211 -27 14 131 50 -51 -178 -76 -125 200 175 23 6 20 67 284 53 176 116 -138 -94 -160 103 327 -14 -74 -73 -53 -145 22 -42 67 144 -85 -51 14 74 -27 -18 54 30 51 22 -101 -29
92 186 -333 123 -79 -49 -84 101 42 9 155 153 12 -115 26 174 -66 6 79 -101 -145 186 -1 50 10 61 -221 73 -52 -3 40 -48 44 -138 123 -70 -1 -60 -87 25 -16 -82 132 16 17 18 -35 26 39 -267
18 -99 183 13 20 -76 195 -89 -39 -79 79 43 -153 -92 -224 -110 -41 -112 -83 -46 -97 -198 -78 -43 15 -29 63 130 -20 0 -30 42 40 31 -54 42 63 124 82 0 80 40 58 38 -3 -28 168 -68 22 6
0 -45 -164 -21 -21 70 -53 -10 -30 51 158 6 128 -89 -2 -88 -33 63 42 75 87 8 20 -85 -135 -33 49 72 -21 -39 84 -36 -132 -21 -61 -49 2 64 -52 -85 -46 -77 22 6 56 8 24 -2 8 -7
138 -54 -15 56 -145 10 -67 -140 59 6 -19 157 -65 -12 38 147 77 89 45 -108 -64 -77 11 129 -253 105 50 38 74 -118 116 148 53 4 162 30 -59 -70 23 23 152 1 -59 -19 -68 -38 -96 -27 -12 -68
-69 67 29 29 -38 51 32 -24 -61 -50 8 35 -10 65 -6 27 74 -138 -38 6 20 -11 -4 -10 43 -18 26 -20 -19 129 -35 34 16 44 15 45 -8 -68 40 34 -9 31 -6 25 -41 17 -13 -21 32 -24
-78 -3 -155 62 64 -220 -15 36 88 116 282 35 50 -97 178 -59 -110 52 5 174 196 17 -82 -71 -101 -116 175 115 99 79 -56 -137 -52 -56 -168 9 15 -56 37 25 -192 -169 123 -57 19 14 -7 -47 -75 81
114 105 105 141 135 -132 -235 -98 72 13 -142 29 -4 -232 165 11 -166 280 -56 92 -90 189 48 82 165 200 -171 58 138 -24 0 78 58 12 -8 -255 -171 136 -27 -85 -131 -173 -18 -56 -25 -94 -15 128 21 16
246 -75 395 104 -66 684 76 191 305 425 305 113 -173 376 577 164 17 117 -159 80 -585 -119 -202 -233 97 84 187 -124 -128 -84 139 16 0 -84 -96 55 16 -134 40 78 74 -109 25 12 -109 102 -166 -122 17 77
-44 83 35 51 64 218 -67 -130 -130 -50 -19 50 41 -4 -24 6 113 -159 21 46 26 48 100 -26 53 -12 -155 18 -26 170 -46 151 32 115 103 18 -74 -50 86 28 4 116 -59 70 -88 -24 -47 -3 63 -75
-76 -69 -133 67 20 -370 -166 -73 -372 171 188 76 -109 -172 -245 -253 33 -17 87 58 21 -180 144 78 -119 -43 41 10 170 31 -105 -39 78 -75 -78 -4 -18 -71 -94 95 -67 10 82 56 -79 -66 52 -182 -108 -55
68 -1 -50 -17 51 -15 -132 -117 -16 223 -17 23 -19 -169 27 -15 5 -50 -50 -47 -32 -168 91 26 -12 -60 187 189 -1 -26 -60 104 -201 -37 187 39 -85 42 -19 51 26 -57 74 75 73 -227 -67 151 30 30
-2 -78 11 -70 -12 -139 18 -154 90 236 -2 113 -139 25 -63 44 175 84 6 100 67 -22 118 -51 -94 -228 64 -112 93 41 1 36 -3 13 -139 1 -33 -221 50 -20 -185 -40 48 -112 8 174 220 -14 298 3
16 -51 60 24 101 37 64 -88 -73 -93 71 24 -47 -100 -26 -46 -86 -97 -41 23 -50 -69 -33 -49 22 -72 -146 69 -107 51 -26 58 23 54 3 -26 -8 134 83 -4 35 65 -12 92 -75 -38 73 -69 -15 -98
-104 1 -86 60 -15 -77 11 -56 49 200 117 17 92 -162 -242 -148 -21 59 114 -83 94 94 97 -22 191 57 108 85 68 65 -49 -101 1 -28 14 58 7 -33 7 73 12 92 87 -38 94 -133 -69 23 -44 -60
115 -8 5 -95 93 121 41 -196 -34 -50 44 42 26 75 -182 -76 207 13 224 82 -18 -102 1 78 -145 75 -12 52 -20 -45 93 18 -11 157 78 39 -59 1 46 -6 31 10 63 5 10 -65 25 76 -11 -6
-52 -125 -232 -29 95 11 -201 -24 -188 128 86 172 64 65 -49 -82 -223 211 52 41 -75 -180 83 -138 36 9 -59 -178 162 182 -10 31 15 -1 -25 -60 -25 29 56 57 0 -22 -22 36 28 46 -6 15 -55 95
60 -7 -71 10 63 127 -51 -3 105 145 224 19 -21 184 18 51 72 19 204 5 37 -8 142 -27 -106 -171 -57 -79 -54 -133 78 40 23 11 -14 50 -17 -41 -25 13 74 -6 32 -23 -49 -16 0 37 51 111
0 -23 -26 38 43 147 0 -65 -107 -95 59 13 24 -80 -9 -33 12 -135 18 53 -13 14 49 -91 7 -22 -184 56 -124 99 -30 114 25 73 62 -23 -25 95 63 -13 44 97 -69 77 -98 -20 14 -49 12 -90
0 13 77 51 43 -91 72 -61 41 -62 39 38 -25 -110 -73 -11 -93 -17 -72 -26 -36 -109 -40 -55 49 58 -23 99 -50 4 -26 16 30 15 -42 -42 -4 83 81 -10 30 -7 6 64 -79 0 69 -38 6 -74
103 42 187 97 -9 399 105 39 328 -44 0 -20 -19 155 182 70 -116 157 -113 -125 -91 19 -170 -31 79 -49 109 -148 -155 -165 4 49 -57 17 67 8 -14 -114 -158 63 -32 87 21 -97 -19 -11 -41 -169 47 40
-46 -89 -78 99 78 214 -14 73 -83 100 86 13 -26 19 -149 -2 -88 -99 -32 3 -102 -34 66 33 15 -16 32 -120 72 -65 -6 -46 44 -20 -95 7 17 -128 99 61 24 -9 -6 87 -59 -5 -131 91 -42 215
16 70 135 30 78 268 -91 60 -79 -1 2 -92 89 32 55 -6 52 -114 48 42 -17 -11 67 51 14 154 253 12 150 72 -16 123 172 -142 -24 23 97 -23 -263 -29 115 21 -37 -91 -4 -67 123 -133 94 -5
66 -28 -82 -59 -58 37 -47 -67 84 103 7 -27 54 -29 -95 -67 49 107 43 -48 -63 -26 42 -69 -33 12 195 29 15 -85 46 -94 -8 -64 4 -15 21 -3 -17 -33 -50 13 28 -67 55 13 95 33 -6 0
187 353 -187 135 20 19 453 421 295 -52 11 235 -279 -51 29 332 14 -103 153 -80 4 244 -165 -61 320 405 -323 81 -206 -24 -85 -153 62 -13 -64 115 -10 -212 -26 118 -179 -88 62 -6 85 47 -43 -85 19 -283
-28 28 -76 -62 125 -208 -186 70 -85 25 135 7 238 131 56 -139 -20 4 -30 319 0 -95 158 21 29 -24 -126 14 -67 63 35 63 89 22 60 32 114 105 72 -27 153 72 52 33 -4 38 219 0 103 -87
-38 127 -243 -120 180 34 155 -163 124 151 42 -205 -89 45 5 98 -267 -86 75 38 -76 -71 -119 -248 -62 8 -12 223 5 -109 39 -96 -93 -17 15 46 55 -1 63 -14 -113 -95 96 -43 40 21 8 -3 -132 14
48 -13 65 -77 -9 247 119 -110 31 -10 -34 -195 75 67 163 8 60 -25 57 42 41 126 -129 48 111 152 54 187 -64 -28 -157 4 39 50 17 30 37 -31 -46 104 42 10 -6 -35 10 68 -33 -34 117 -63
-45 16 129 58 86 -14 14 -19 -82 -46 2 105 -35 110 36 55 0 -104 -54 -39 5 -56 -53 37 51 -67 -102 -40 -46 71 -45 -52 -13 17 -4 40 -8 -13 67 48 -68 14 52 71 42 -38 1 -21 -32 -81
-108 21 -11 -20 43 122 112 -152 -33 14 -60 -102 181 19 -250 -355 48 40 -32 153 -40 -55 -50 59 -133 50 246 -77 -50 62 -119 -59 -57 -14 -51 -2 -5 16 22 58 43 1 -16 22 -31 -13 -45 5 -78 -39
-53 39 80 62 14 -35 41 -53 -35 -54 -14 32 -55 -43 -11 11 -22 -79 -55 -13 -21 -33 -17 -21 72 24 -10 20 -3 87 -40 23 27 22 0 -2 -19 3 74 17 -22 16 -7 38 -62 1 34 -33 6 -43
-46 72 -21 108 48 -137 -133 11 -57 85 -20 121 -1 -33 145 115 -70 9 -26 -128 148 -42 58 14 22 47 -132 65 -6 -29 -19 -47 -48 -37 38 -100 -72 74 10 -27 -138 -128 34 106 6 -67 41 -1 -22 -171
-98 48 12 -220 -17 169 47 -123 10 18 -181 58 -34 60 -14 8 -9 44 105 -25 46 -37 115 12 65 -212 55 -3 -13 17 -100 49 13 79 -132 17 -28 -272 58 125 -111 -73 20 73 0 36 44 76 111 32
-36 -35 247 43 12 -126 73 -122 -140 199 -176 134 -247 -250 -131 59 -62 4 -101 -25 -43 -39 43 37 49 -56 -21 27 142 26 43 143 153 118 -34 -149 -121 -52 135 15 -121 -42 16 57 -131 39 393 29 289 -78
93 58 -165 16 -77 138 26 0 84 -34 0 47 -39 65 57 92 56 -84 33 -115 15 -38 28 141 14 121 188 33 20 44 -20 74 -95 77 72 33 -42 -132 -83 33 71 -27 -70 -34 22 -63 -118 112 -5 89
-3 102 -14 -67 10 -89 -85 21 29 217 -62 -30 -87 78 64 -141 4 201 71 -25 24 49 55 34 -2 -20 -10 -90 66 -98 52 -16 39 -19 -22 -50 -52 -61 -31 57 -29 -131 35 6 53 -9 41 46 23 -26
-119 71 109 64 33 -54 10 -31 -44 -16 2 79 6 123 11 68 18 -92 -73 -27 63 -33 -58 38 64 -24 45 -32 13 74 -44 -83 -11 -15 -27 49 -7 -93 76 52 -89 -20 57 33 27 10 -30 -13 -7 -68
-268 199 153 -71 104 -17 121 -121 115 -50 11 -296 -10 75 271 -10 30 91 -33 -67 66 -17 -147 -13 -2 186 28 -150 90 46 9 -11 78 -208 85 68 9 54 33 92 72 75 -102 -29 46 -4 82 -32 -152 -134
-147 565 129 23 -39 -32 -128 312 94 316 566 -393 -146 -198 59 -368 -172 -34 234 57 -109 133 334 -69 496 -434 66 15 102 -33 117 -156 -65 -149 59 66 67 -34 -81 -60 -119 52 -47 22 194 52 -9 21 -120 14
114 -4 84 177 76 286 3 205 224 19 128 146 12 271 186 -64 9 5 -40 -49 -89 -180 -24 17 -138 -88 127 -185 -158 -65 -13 -54 145 89 34 -35 41 -50 0 78 0 -64 91 12 -13 13 168 -3 -26 -36
-31 11 53 43 20 60 30 -37 -92 -75 23 56 -27 43 2 18 38 -134 -22 4 0 -24 -8 -29 27 -43 -87 -7 -57 110 -42 40 11 51 27 24 -19 8 45 23 -27 64 -11 46 -24 -11 20 -43 7 -49
-69 61 8 8 -25 91 9 -60 -63 -41 -20 -6 -2 -9 21 21 44 -118 -20 37 20 44 26 2 73 -3 10 12 -9 123 -5 85 10 57 22 0 -18 -45 47 10 18 8 -29 29 -78 7 -11 9 65 -31
-59 26 4 37 -55 55 39 -8 -75 -71 18 31 -11 38 2 20 66 -145 -28 20 15 -3 10 -29 28 -20 -4 -13 -36 133 -35 46 11 40 10 35 -1 -44 25 14 -11 38 -18 18 -52 17 -1 -38 33 -22
110 -40 131 -29 9 159 170 -80 211 288 -173 -68 -171 316 354 20 289 89 -35 69 -165 -110 -275 -93 -253 -238 -138 -25 -12 -12 96 -51 33 -131 -63 -142 -19 -31 140 60 -129 -62 69 99 -140 256 87 -142 155 30
99 -97 9 6 24 241 29 -99 -59 -21 75 -25 39 -74 -60 -173 57 -20 81 12 -4 15 17 -80 -135 -29 -1 39 -44 52 96 -81 28 49 16 -19 -23 159 49 -152 -40 -17 -6 7 12 -34 126 79 -39 11
-15 32 -4 -75 -36 17 56 118 81 78 -5 72 22 -234 267 163 100 87 57 -20 31 251 -184 119 -70 115 -31 232 65 -98 9 41 -226 24 58 39 -19 -20 31 36 -12 4 -6 33 202 -125 -10 61 -55 -210
-89 83 55 19 -15 -11 45 -56 -4 -38 12 -3 -7 21 3 15 20 -79 -59 29 26 6 -47 17 74 10 106 -1 24 107 -26 -2 -3 20 -27 37 1 -78 57 27 -15 -12 15 5 -36 35 -13 -8 29 -1
-57 66 73 86 18 -79 22 -59 21 -39 -20 -14 -23 -148 -3 -23 -71 -8 -67 17 -10 16 -15 -18 96 92 13 63 43 76 -15 31 48 20 -21 -53 -36 40 80 -2 -3 -27 -19 33 -118 13 33 -19 2 -23
0 -66 -43 -2 84 -82 -92 107 -78 35 130 83 121 129 113 -146 116 46 115 5 86 -15 -19 -17 -83 -30 -92 210 49 -86 -28 -27 38 104 58 -32 1 -3 150 -16 12 63 23 -29 -73 53 153 49 92 -68
-25 216 -154 -15 1 169 94 -184 176 111 111 -93 0 -60 -257 -20 -25 -96 -35 83 -1 129 -33 -106 -88 -12 102 59 -82 -82 -4 -85 35 -24 -29 -113 -16 66 -37 -44 -88 -22 -19 93 52 150 -57 61 8 -26
-9 -129 22 23 -110 -36 -83 -118 -223 14 -171 -96 47 -76 -90 -130 -116 63 -148 -75 -141 -211 46 89 -165 -115 67 -6 203 6 -6 115 -21 -2 86 -25 -40 150 -47 -110 23 10 -26 -84 69 -86 -58 -31 -48 66
-205 -87 -28 -72 -5 -78 -54 -129 -115 156 79 -21 169 112 -148 -147 54 5 9 74 16 -86 141 4 -51 -146 138 -132 -77 -35 60 -20 60 41 44 151 42 -178 163 19 140 102 20 -28 -146 6 14 75 -16 91
-27 67 -60 29 -38 32 -35 -132 9 55 40 -71 160 -24 -80 -72 -54 -9 71 -34 107 -33 112 92 102 15 282 69 20 79 -41 -37 -67 -27 -10 91 34 4 32 -34 80 33 -2 -33 -10 -101 111 10 -23 -3
161 -56 174 101 -21 151 71 157 340 54 93 -37 108 55 164 90 -41 142 11 -116 49 -21 -153 -101 -82 -182 58 -139 -109 44 162 35 -40 -25 -112 -81 -3 -76 37 61 72 -95 -85 171 -181 52 -63 -28 75 -97
-179 124 193 34 15 -36 30 -193 21 -23 -264 -324 -7 1 72 -249 27 -25 75 -9 -103 112 -71 148 12 46 294 56 66 -10 -63 42 2 -110 166 100 2 159 -124 6 11 53 24 -38 -33 -204 118 -42 -62 -76
-142 54 -53 102 -56 -107 -53 12 -153 11 114 34 145 -63 -9 -106 37 146 -84 127 66 87 -36 -123 -94 51 -93 -22 197 75 6 -92 141 -40 -52 82 37 -41 -43 -28 39 59 -33 -160 -90 98 118 -98 -21 -15
-58 -18 -117 -91 -95 11 -4 -213 -13 20 -143 65 0 43 -41 170 116 99 -125 -40 147 120 -58 179 -173 53 -11 -96 81 -90 -87 -67 78 7 155 12 -66 -8 -38 76 132 203 10 -4 33 70 -183 -7 -17 -103
-101 36 -1 44 2 65 47 -9 -41 10 -3 -120 -46 7 86 -27 16 -40 30 35 50 68 13 22 -60 24 11 -68 46 -17 22 38 89 34 0 34 32 -40 -72 31 30 -27 0 7 34 -10 87 -21 0 -15
-108 56 -9 -9 -34 97 19 13 -36 -30 16 24 74 172 18 56 98 -148 -60 37 70 4 -18 38 22 -63 90 -57 -10 111 -12 -26 -19 38 -37 75 19 -146 53 42 -16 -33 50 35 -2 33 -88 21 27 -12
-43 232 13 0 43 -203 76 -31 136 38 51 -53 -13 59 -94 -8 -1 -38 -17 171 -50 -143 36 -90 190 -2 -85 20 -4 180 -26 20 -2 -40 -56 -20 5 -28 36 12 21 -42 -57 -21 -97 51 -7 0 108 -43
