6 -78 -63 -9 -54 161 -144 106 -121 8 -307 191 125 201 -184 -233 487 142 277 185 -239 -188 100 -127 -240 0 128 115 13 -276 53 -48 -25 -38 34 -8 24 26 -64 -34 -3 35 -33 -32 95 19 17 45 -25 45
39 -58 68 281 86 215 -28 91 200 358 223 49 146 -82 338 85 -179 86 158 163 361 240 195 209 -1 -305 -8 97 184 100 -8 -35 -34 -24 -55 24 13 47 6 9 7 -16 42 29 4 -42 7 -21 -35 -11
201 -175 -224 -6 -100 -167 -154 410 -180 21 -136 345 -97 127 46 309 -34 -35 -126 -205 -80 -100 60 -100 -239 -125 -394 -218 -68 -105 40 -67 -5 -29 22 16 31 9 -47 -36 3 0 15 -16 39 23 0 13 -23 46
150 330 236 7 66 -419 -74 224 282 18 330 1 -63 106 -153 98 125 105 245 -99 -174 -203 148 -46 236 186 -198 -147 -32 -73 85 -39 17 -46 35 -1 2 -3 -35 -26 3 -22 -27 -25 79 3 -38 59 -72 27
30 -166 202 58 -248 514 79 -7 252 -130 37 -67 19 75 8 24 -226 88 -231 -285 -176 -37 -121 -165 61 -14 384 -120 -222 -204 10 1 50 -17 -45 -71 15 18 -41 10 47 -12 -43 4 -43 47 26 12 8 30
31 395 -190 -287 337 -35 40 52 70 111 -207 -386 110 65 -6 -270 -142 -31 -78 267 -236 -168 -122 -178 233 6 91 2 -71 158 57 -72 37 -57 27 -5 29 -13 -27 -7 29 -6 -32 -27 30 50 -26 54 -36 50
97 -335 -158 -459 81 119 318 -162 -176 -24 128 -240 -208 203 82 113 14 -91 191 181 -27 -109 -140 61 -261 92 3 41 -141 -298 18 -51 26 -76 -35 -15 56 6 -48 -21 1 -13 -5 -51 63 35 29 8 -24 -15
4 112 -237 132 -195 -59 301 -26 212 186 -9 60 -365 -458 -69 -10 156 -10 -104 -254 -140 295 -233 -171 -164 168 -101 113 -25 -57 20 -20 83 -35 -15 0 37 -11 2 -19 52 11 -20 -48 -35 41 47 2 0 25
-33 -107 411 -134 18 -295 -134 94 -137 -249 -487 -245 58 157 108 -27 118 43 -163 -84 -128 42 -122 282 60 198 -32 -149 221 79 23 -4 108 -68 26 3 36 36 0 6 73 14 -9 -48 -1 4 -12 18 -28 1
-275 -58 -18 -49 -187 -325 -65 -241 -117 -98 23 -131 125 -318 -562 -203 -177 82 -84 -122 116 54 97 -63 136 9 299 62 87 -70 -8 -51 68 -3 -48 -18 22 9 22 -26 42 36 -39 -52 -37 48 72 42 5 26
